112361840
76543100
91971630
100806403
100990780
110200263
94224558
90761428
80200969
90230991
79581348
114593504
91347183
79406303
71595606
84851628
78616086
85284419
74480407
93777057
91750833
112751564
100350500
81330901
79581834
79583629
71747772
102062476
94370385
74700783
79408370
90715896
103389769
78051570
85432976
100878294
107621890
103445173
90657228
74480917
113513726
114604619
82033316
84470369
84868545
76762173
86284212
96645450
112349827
74143450
92877945
92877744
109052399
84853129
80598841
112135829
109132875
114608682
78747513
114505694
112616510
91820225
102180291
108509947
84868546
80414005
112620761
90022334
82488081
112136780
95235927
88552243
84609224
82910240
114605434
112607363
84846540
91530668
68143964
74535766
91030437
81650346
100815498
79040100
102391680
87612191
88970845
103731049
68143967
80199764
111417819
112593080
106450770
68143963
103656278
81330894
75681441
108513100
107390659
72610210
92926116
97199210
106955549
93350522
85228581
90657210
108371396
76669000
92673927
106458287
111636470
109814957
79600575
113344274
102368286
100336809
68148059
83666887
98369214
113511331
112593333
96778157
78727876
97770808
78266408
109437213
91772954
82035086
83668055
84236413
109771579
79600651
114493728
68464064
101990948
87629847
93506627
105310714
106159928
103730976
80598781
100878292
71778356
102406378
68479667
83261627
109183918
72364531
91239083
85684882
111634991
82488053
103387925
100860579
94427141
72589830
83492851
111255146
84609333
110181187
71643540
83073614
93777061
91248966
78748089
112751423
112726533
105018721
90755959
88552242
78615931
93350524
84859462
109666736
89967815
96817056
84665011
91267527
79407703
110189069
109015998
113631893
80200318
114504434
74218834
96035360
112611706
91253262
113371707
83260080
81724580
114506227
82618979
89974795
91353864
96777522
90715873
85428996
95410181
89967889
73442539
90220490
80201342
67337317
107511161
86657742
91256578
111412822
113629137
82618618
112138004
112682741
94729116
80201117
69125408
83261303
80201036
84665010
91267528
113650383
91347695
68143973
109931392
109436180
90220444
82035082
113454704
110804661
91771362
67308226
82619616
86284720
100811315
98070524
91291097
79407197
101586808
91024713
91815116
81273632
86806525
112613141
100713828
114481545
87434773
90214288
108504376
112594221
106961629
85241012
111887171
91001474
104607224
114614764
86642565
84844809
113366183
112676277
112741479
112364972
77838860
100476791
96777892
108566829
80771448
106663351
85284683
86284900
101269820
81330893
86842379
109171586
101420628
91239082
109435999
113468770
91815117
80596853
83668098
108921415
112144899
75419107
107226381
91566805
86005707
73443507
107972837
85243252
102510213
68912019
99801633
114493444
84319874
107908789
98369515
85518598
108321008
82907363
68143968
110078089
107975633
112624933
86284956
82619044
112134616
101811227
114504935
84844472
93353713
84844484
108502576
91321740
85228578
110304377
93031613
72610172
67304435
108883137
106456669
112621400
87810451
81280241
77839420
84846542
103973757
87800401
80201361
106417886
105655964
97199211
74184083
68156494
114593263
78616188
101823982
92889334
79581397
112686885
78051176
85518559
90002245
111879088
112366765
111217154
91261554
114503426
85685357
68332708
90755958
98369199
90213706
107352650
103434213
95643756
114609878
111097804
93359761
91321714
74455763
104860201
101822126
78051847
91253260
103837242
100090452
94222494
91246891
91772930
73214702
93031617
85685590
108510010
79581411
73657030
112636081
68144472
102533675
108591898
102062074
112098826
111418442
102131966
84259720
112135431
68449210
84844576
93507341
68145311
97199209
90294536
112689109
92903162
109645501
83073594
90761425
112611794
90907321
107820482
89804320
102178902
112364392
73214766
77776257
68144483
76755250
100806392
112137361
86647682
112091250
111883192
102014872
68336839
83260638
103401213
82023916
84676963
100444267
112132487
90045016
90115084
108558503
97199212
69125410
112141667
111635805
90586999
92947613
76647957
68449214
97936240
111412047
88552244
106460813
83667724
106012293
82488069
113819834
94370387
76490044
73442751
80199421
91246893
109428734
82917887
78587915
78587944
90907325
91321716
91825817
86211887
76648222
83261225
84844699
100807105
92893676
78616743
82618428
112573542
81724586
86284155
88970784
78728000
85874247
72364597
74533844
112729904
86650083
89967846
92673937
112722030
109375980
67337304
85243250
106160376
74480404
81650257
91316147
112667651
80414998
68149056
73214620
68332715
92968933
90240361
84609291
91757638
85874017
75681907
74700970
112573572
80200293
91790593
76544646
91040362
108517297
82033331
90751118
92993693
68298210
110782119
94237310
105486378
96777948
108584804
86642971
110910821
114611280
95976641
68464060
97901505
68143962
103248330
81724587
109138719
114594938
104374984
80745857
103681269
113760735
94731798
114598202
84258625
87792213
81658086
112667951
92947614
111283978
114603371
73214931
109052098
103724585
94729319
80690246
79580967
82915229
71747774
72610121
97770085
86655634
112125708
91250825
74455762
95410180
84853130
84469723
90213768
84470367
81330888
89974796
78616561
114485935
90022335
94370384
96778170
110819541
112668579
97936239
112111172
80414003
77776107
85243251
80416053
83408679
68464067
67307819
94728831
105105624
97936241
113338360
112681931
97770771
93359763
82625820
81358423
107388443
111633755
90907324
93562817
82916522
92941209
83668092
80616969
106804452
78748334
84270486
100354624
92910295
112142174
83666878
112668144
84851607
78051133
114485474
112724847
86983455
95235866
83409017
85284396
68337099
107800191
106975827
97812799
114481609
91971631
105245319
85469166
112722006
85228577
94237309
111637243
72613282
71778360
92889294
78266844
112349795
112111165
90115083
114593532
78728914
112573614
78747508
93507345
96777557
86645029
111633376
112712994
109941048
107608126
71780227
77870888
111629216
83409912
96777259
73916615
68292014
81358384
112751752
108975822
79580886
81277573
76760769
85519234
106820086
91321715
89798098
100523284
83405247
77860950
106162696
113338488
84677062
78051827
79600569
96777833
97770240
112577935
92673930
112573384
110183899
108506477
84608825
93783025
68144480
103836846
86983472
80201351
76754864
69127555
90761435
78615480
79580603
77776278
91750931
85684395
87419643
86466389
101051181
71638646
85283542
78267137
111037384
108518442
80200672
112135274
83668084
111393927
71539143
112119633
81330443
110195653
84865051
90240359
86284461
85684699
68464057
92670292
98370070
107625542
104271636
85283925
92906489
113338208
84236519
112606671
112736339
93507352
80617049
82619493
75681880
78615828
104230628
113353583
101252946
112349521
101586708
87500245
91011080
76668797
81650532
83666933
68145312
85001489
102385605
85432977
84856380
110783560
112137259
83410636
93562816
77869803
68336840
84676976
76061137
84854758
82915234
112126177
68281597
93031615
108316086
90220503
68464066
68298214
97901517
90842328
108797703
68483220
68464056
112624873
112635304
90230990
75681417
73215333
100713899
96195724
112713169
111903579
113510968
86466331
88552352
107634379
113510900
112349551
105894000
84856384
104070157
81329603
82916524
91347182
112633894
84014529
112634962
102018137
92877697
104421544
84848284
100817270
114505659
96645446
91004205
112573287
113371583
67337327
91771367
90755955
109144803
72610070
91771368
96777374
111101281
96208738
89798120
113371593
107973336
109931717
101814710
113760310
108989851
78728847
85606735
100807347
113347990
78266887
67304328
112680102
86284957
91261557
76061142
113631047
79580921
81273653
76543926
113629465
73444092
91287853
82618527
82619502
93506630
82488613
73214926
113355896
83405342
91790725
89797805
111897288
100352787
87731568
82035092
114613804
96817800
100477208
91795047
80596839
112717564
112621174
84677045
114592977
100314785
86983468
84844579
87731541
81724418
84665000
92910294
110068279
112136105
90587001
113354837
110797073
90715872
91806886
87436010
106450893
79600739
81658198
97936242
90542196
85444141
91305956
108606148
82619113
87629808
94224553
76647950
113664160
89974799
112725384
105561793
103382704
77596105
78615722
90751092
73444027
114485916
73656877
85429130
100990767
79040012
80978561
85243249
82488084
91004203
114593453
96818176
91820227
96192441
86806461
87541838
113630181
72364575
92892165
111079366
91395800
86655592
100858626
91002764
106418432
78813961
67304331
89518409
101999949
111087908
108745737
78051184
96817683
110300437
85283694
100522471
92925898
86284837
91256569
82625609
91001478
84503678
84319842
74455772
84635828
102132078
91971632
83295075
97770187
112577897
72435751
113817414
80619220
111416544
83665982
68148060
90637797
113338276
81269021
74700869
113458367
108515814
112607619
110068310
100522757
102836847
80414004
86842385
95650145
113665385
112740710
93031616
91566802
81650569
112726310
91825772
91353861
108804861
108500425
103836978
114486791
87791947
91353865
95410178
78616676
112368624
93865168
91267532
100807930
84665004
83668141
80904645
85228576
96016728
90002261
86650053
114481802
91254923
74535770
102667280
94237312
93783013
85283647
108889286
81330456
105350186
84858141
92963333
91347186
87541839
109510151
112110339
106416697
67337319
82910258
82915531
80366510
107443127
112119488
106664469
84844702
97813903
112685194
73443940
101910967
84665008
94222496
109575352
86983466
68166219
114481455
90220488
93506155
78587867
85001491
109812088
112351880
107822978
84503611
113515054
110913856
87500397
68483221
83260475
113631232
114530979
104569869
113465832
109051758
72236541
91579787
112577831
74700754
83665953
83667572
103382229
74455770
112681373
74143370
110192763
114492501
113816960
93350521
93507407
113817123
76648206
89983915
88552353
102836332
72589824
69191189
103530806
82907362
83405292
112593343
81330446
87547152
69125409
82916525
104627858
92981733
90022337
80905052
101264952
91772914
109803671
106446577
91239087
81280231
82618398
114604284
68275821
93506622
91300932
72435937
110197933
98369269
91750981
73667110
78728801
91353862
81330891
93507147
91316145
112741623
79600789
112110261
112620845
92947612
81330459
108328631
78266754
87629237
83665883
78748003
110309132
106631708
114486740
80977585
93766941
112133147
111259350
90327498
112349738
90108459
92883244
94731792
100092271
90755963
68275012
95635577
95980517
85685118
90761424
84504014
112609260
112593218
114599306
112110315
106909057
73442573
90287583
84503606
105336903
83261794
85685395
112573431
110822046
103732739
114483597
85685230
82488610
82488618
114614482
112615219
79406929
90240368
85469331
90214294
97770091
68449231
91790736
112366152
113352398
113338233
111234108
79408576
89983913
74700688
75419110
93350520
73916616
112752460
68144481
90045017
90907327
104569828
90002255
85519051
109438956
90842322
82023912
113510793
79406222
91985050
113628130
112729138
76490685
91321713
84971481
71799954
112133232
84665007
89800008
107227714
114593952
92968936
108188755
91301001
101622894
109426440
83295065
68464072
101462366
78727916
86806433
68143974
113454671
111419612
102536240
72613202
81329604
90287590
100092274
112597379
68325292
102001023
112607678
105580348
87894088
76647990
101181083
112612516
101259911
96816811
90751159
92952379
91825702
83406095
79039821
113651022
109660058
81330890
96777464
112623776
78588031
114613127
109180891
75754723
83667482
83406106
113338283
88357772
71598353
95982969
71638643
113685129
76544759
71638645
111402740
92889303
114483547
113633459
109815730
80366535
106458590
84469725
90045019
113629933
88552241
82619551
89967659
91757646
102737592
102862117
104632640
106598466
112615846
85444232
73215832
91801888
92968932
91291094
112120539
91022153
81330043
101448680
100314805
112618848
87434818
86642506
73214854
87792073
84848282
104058641
108494198
91264326
111901675
90002316
105556073
109307874
81329607
96817853
74700968
76543904
82488071
81330046
87434652
113439213
95228631
112685569
107446891
98740720
108743082
91253261
96818455
107011376
90115079
87810395
68332712
78728751
110198347
84859460
114531512
112106075
89974797
112611822
112141633
85874248
89518414
109514759
68332711
98369509
100851000
107651828
111044179
95982926
110910687
79581378
84665022
92893680
100523127
91388098
114487238
107652013
75681235
107283501
74714370
84665003
111389110
108985857
93562811
84014525
97901504
97901507
106514454
111880161
84014526
90115080
68143965
77596088
90637817
114610153
84609262
114500620
100350498
106662698
103250307
68293075
78051569
98740721
92993692
93328137
90294539
90327492
84937398
72613208
109692508
83261774
103434337
91530667
96777266
95651563
68145307
92903161
67309341
90045015
85228588
102563910
101430482
80598947
97577277
80905008
105014014
109138608
87273695
91239088
108520062
68344274
85228582
67337323
93328141
77776225
105317843
92968935
89797790
76544776
84844811
79040109
101807332
106983369
80200033
78266360
90691639
90022336
79407465
85606803
78728236
109692785
103678688
78728384
84320004
103466488
74533845
91001476
107099503
91801941
82625613
80598830
81330455
67309337
106985443
91790644
110820976
90045013
113510820
93359758
68292016
94730044
97577276
101795848
96816823
83409404
109569778
88552351
101050741
106625263
81330450
113345995
71799950
81330889
80416232
114544718
113630797
112620881
71445599
111638083
112115575
100477320
92670274
107021515
96192440
85284499
81358344
73443981
68449216
80200045
79581626
72236522
68293077
94730042
89603869
91777385
84937397
96088688
87822532
112713032
112096581
85432978
80616404
67337326
112361011
78728948
102406466
91801889
94222493
111632523
68144484
68275824
68336842
91806937
71445488
92674402
82907364
96645455
112139740
107808771
96192457
109907077
112115684
112633978
104578094
113511190
82488082
84862941
84865050
112685865
96777187
83408682
107006697
107388599
114593588
79580533
114594018
96778192
113628255
71642618
85228583
86154017
114593883
91267529
81329601
96816808
82917885
82618235
102843674
104871499
113343689
68143960
75682233
68144486
80977946
112688025
72364520
68133513
100712629
111261272
101743176
78266124
112679574
87422980
113359533
81269079
72589861
104886049
106820196
91002761
101999380
101239422
72613303
112678633
108632864
97770087
111746415
68145306
110789332
87434682
96645448
111279000
105308591
73916642
91757640
77861102
108388598
83260049
85606767
91024711
82488051
109181601
111045388
74366849
78826573
84878698
90691638
88552462
109676228
113630136
112689274
94501380
100336811
82910256
97911284
91985058
110083004
83409430
81657957
108585585
107286947
112677818
106597949
113439406
110915208
112364928
90691642
79581700
103250154
82915232
106069551
86139124
84878697
110199058
90214309
114501194
102369258
83409904
86642919
114486804
92947610
87424924
91751028
91022155
80366534
111044549
83409049
113439237
103653756
114593642
68144476
76668708
110307846
103466424
112593401
91250826
103384662
94729120
93766939
87273699
102406392
112140726
90842325
82917727
84858137
86642964
113641285
80977831
99802018
112573473
89974794
84844581
68479671
112609026
83261198
112717505
110187298
91530719
82488620
103434499
111878255
109304957
91790709
68156497
113338530
111097899
67308227
91022154
100807834
90755961
95980519
94731794
82625852
94427151
95643579
106553951
110811461
75419113
107441123
71780224
87803525
82063068
79583639
109764583
108744372
82625611
98151606
98740656
93353715
113629268
78266280
76061134
113338744
107389083
82033311
89873633
90287585
89873655
111096245
91353863
79581399
85428911
100090193
103647447
112677330
97769726
84469724
90243459
102100531
102532601
88357701
105236842
82488054
85432975
112633957
84844574
80978853
109569978
91248965
102100970
90214022
67337313
110173047
114614950
113511392
85684397
97951847
81657937
84859463
93507132
82915241
78811044
95980516
112362897
74184092
73215826
87500288
102157248
79580904
112684460
112129020
102563310
81330892
93766943
67307818
83259728
93865170
102837076
81658728
80201091
80200949
108618465
109575222
90327494
107808193
100850714
68143970
107000821
113341801
107327642
100477040
113466038
104069385
85444228
106536461
80200489
72610084
103382445
96122701
114501017
74700732
78616115
92952384
90240365
91243573
71799956
90220550
90657213
77596083
87822543
101051000
112598869
68144477
106939787
95235830
68143969
113659210
109569913
83665644
74218769
110186519
100347955
102949574
82619797
68143972
113457534
82917784
112603701
82035084
91246894
84859461
112672799
87894117
105527959
109401627
112096714
101050576
80978523
91777382
86285093
112609588
114491283
90637822
68479668
83262009
100089949
81330886
93562807
81650916
100860253
76788775
82907358
96777280
67307822
72435745
107117342
78747510
92893674
100090246
110073607
100519944
83261354
112362937
109659062
108600977
85873829
93783019
114483065
100314837
112598431
91777380
92993696
92892162
97577278
110173173
107097135
109907089
105349444
89539966
80599017
91580046
84677115
68118880
91820226
112350292
86842437
73657210
91016565
86645032
108501569
89983912
77596318
108748202
112677546
110187633
92963332
100878293
78728781
90755962
113345848
112131314
80904947
91815123
106534039
113338653
92674399
91305960
108889430
81330899
87800338
89798102
111750584
114600065
91239085
113338459
103406728
102385344
91264324
93328139
113817526
91395832
79408518
106511145
90751079
73585558
106625409
109173420
100869139
94237313
87810374
91750830
107495900
81269091
97588633
100476533
105528041
104338867
82619495
68133511
111036757
97583557
100519933
93777062
82625610
113351312
86657749
109140885
112678271
86285151
114612897
72613358
92670272
112089307
89518407
113632062
89967835
113338314
94730049
87629306
80745854
106169621
89804408
68144464
78266115
68293073
107456540
104885993
68479659
104212691
113513765
89983917
91246896
85606808
76754965
91579789
68483222
112682703
90108456
87620654
81277566
100713696
80771430
104230374
90022332
112593143
82619563
78051076
102175981
67306632
103105088
88358656
84856381
94728830
83666828
97199208
111638918
80199750
78779955
97582413
96208739
83261912
90220532
113339297
108519034
78747512
95976010
83405289
86284191
101818884
112636056
67337305
100314842
80200794
90587002
112139075
89800636
78748044
74455760
106012331
87803546
68344277
73667718
110787500
96777670
84236544
91795045
79408524
112607396
91040361
107217832
112678027
95975999
95635579
96777860
91757667
112104272
98151610
83260602
78820389
78616758
106455912
91825844
68281600
90214299
101247954
113342684
112110214
83665783
68280314
85684396
86649648
102169723
84319949
78616068
77776191
109143959
68298215
84844479
85241010
68144474
113465757
109569940
112579876
82907365
91790742
68336841
101416831
103397826
114488273
77596245
90761427
114500813
79581656
100878297
80904687
110308885
111380678
106990723
94039865
113661250
112098580
84609293
100713326
113339269
80685910
91579797
91530669
93506154
73443125
112349994
67309339
79582108
111088774
99801853
109820206
114595041
78747507
89974800
85241014
79580971
113465909
90761421
68280315
92889291
89873684
72589826
97913580
108917642
108318632
114593840
109175479
110069444
104361145
83295042
92670276
112738099
74480874
92906490
91395806
82618551
87629849
111896432
107124635
113631965
109182980
113338332
97770780
108503638
112748466
81650521
102528934
95635576
79406996
112107866
108796846
67306634
95228638
83260539
107608106
113454721
83261247
92952382
72216374
112084478
101263204
84844810
112751616
106908954
92892161
98030268
112593528
96817452
114614068
97574650
91021008
79408366
112358988
90907328
85241013
82910233
100314704
107635902
91287854
92883243
110190749
91580048
98370072
74143406
96778225
112132149
69191190
95974438
78728279
74455764
89967817
68299300
108561653
114503731
110786380
68128716
69191192
86284519
84236583
85283997
91039110
92941206
86211854
100713559
74184041
112725989
108987648
109575341
96816370
111288286
103929913
86139125
112667902
110312011
90230988
101749952
113457424
90115082
87435997
87629491
109409885
101453134
81658115
102349103
97574627
91275439
84608832
83261791
98369487
109051652
76543259
94370494
96208736
100858491
96032107
74455759
107503554
68149058
83295019
74701444
78616638
111039348
97813900
89797816
110825400
68143966
100862524
113343024
91971824
89405638
108904771
67337318
90657197
112096650
111990268
80904956
85685402
94501464
68298208
100817269
96016729
100523121
71638642
112717424
68292018
67337303
100444305
90657232
68298209
106198947
76544145
111896367
72364534
84503687
68464059
84236459
80685953
109570021
107268975
87612296
84503842
68479660
114600415
85685082
68166221
87500228
91820229
78748332
107181510
108501527
89798031
109569724
68118877
107633841
90108460
113371517
96012687
109424266
81650409
111236534
96777642
73215299
68332705
91579786
107622000
68483218
102007796
109432359
83410223
92926022
102370266
72216307
68295691
68145309
96817064
98740655
79600618
96816678
80742733
111638743
78747506
114606114
112668279
91004200
91016564
107673557
78727973
75681411
106733512
103248235
91016571
100314741
82035087
96777649
90587005
80200314
84635789
90327495
90637876
94237308
88552461
84608794
112144323
93359762
110082043
101821119
78728795
112601539
112140175
84844703
113439395
86284454
91772936
90842317
84677009
111871797
91030369
109812565
112682637
114500905
114593801
111726016
83409122
74455761
112620793
78616623
113353720
114593432
90213748
112107951
112597708
84868547
90045025
68144473
111391308
92892164
82917880
113817294
100805993
91795803
109051944
94222492
109817972
107120370
84937394
90294535
114486685
76763836
85519145
90715870
80616357
101416855
83410213
79581728
86284920
85874015
67308225
113465574
113338708
68133512
82023913
77776182
112106143
68144478
108489163
97951848
91246895
68275011
74480399
78616554
95974350
81330460
113631498
109051516
94731795
68464058
96645454
81330038
83072853
110312091
98151611
100477060
101742994
80690216
89804358
86986065
89983918
91771366
105478874
112616267
82910239
74143282
112096507
113338293
78267166
74365186
83261182
112747768
91388527
109906977
110071711
92981930
108992291
91254993
91971629
109767742
91750831
91001479
93777058
112737351
113630296
80415052
81650506
100797431
97770906
108319589
84878699
77776149
86642510
108740894
102016412
106451728
91300928
80977650
74701391
108238672
104642087
102406574
81329600
91019407
85606614
100869133
104316885
68149054
81330898
68464069
86284647
84470366
84865053
100808984
91243580
91002763
83408612
81330896
74700652
84937399
106665426
89967660
112746486
92903160
112739110
112593470
100809742
68143975
111677560
108494558
91795806
85685025
81330462
84971479
111210673
100523306
114485394
96817820
103067683
81330035
87822549
78616715
73215325
89873661
103395774
113698855
108977837
84854755
108052933
113439327
112593554
113344292
91347768
110080635
91834407
85684398
98740718
109427599
114531728
100347929
89804442
96122677
113372100
76489910
80415001
114500764
82910255
112668037
114481420
103641775
112741815
84846539
90715875
85241016
91971826
94224555
92993694
84608823
112145643
111274005
81650930
100090345
84851608
109376022
94222824
90242826
90637787
98151608
91347734
83405075
76061140
89983914
104979879
79581405
91264322
91016567
85429158
111260058
112677680
112104281
100858538
90213984
68299301
68280316
97583556
91750837
67337316
96218726
106939910
83261926
73444133
72589828
67306636
74455767
67309344
68281601
81657889
91246890
75681477
71780225
100878302
91566804
93506624
78728256
89539964
114593769
105296099
68449215
94039870
109899248
94222821
93506157
83261915
86284785
106534114
103382628
107103347
112671782
112145881
92883246
85469333
107673763
89798049
114593703
94730045
80199394
91024712
90002175
82063067
68332710
72589834
112593954
71747775
97771052
95235858
78266135
96645451
93353712
103556641
81329599
112368675
68479669
94039866
91388117
68281603
113338179
102672583
114530923
94222820
113627935
91750963
68275014
89967784
114593189
85228584
111409594
96777360
91305955
96124767
112107917
98740653
102690183
93506153
82907219
109769161
100860498
107034337
109931224
107102818
100878296
111896391
105292627
111287409
85444139
76543116
83260106
112104213
102100718
78615690
106548657
82619743
79040039
91248964
68449212
103448287
94729665
113655160
82063066
76543372
102448065
90294538
83667733
91388055
114593377
77776305
113338249
113511065
108008033
91275436
90637829
97574616
91020979
83260511
81269051
74184047
83261887
68483223
92941205
74366764
112611655
114531875
112607510
111885224
113754349
80366533
85001490
87894229
83261545
71638644
72435939
108061847
87620682
85228587
78748098
79407111
74365636
98740719
85001488
113633145
103809992
100444414
91011079
68156498
97575011
68144470
68144475
99801833
93506629
68148058
81650491
68295689
112748117
102378190
112128890
89974798
71761160
104226066
111752030
109822020
90637792
92963336
112633917
110824137
84844808
85469329
112667796
83494034
82488070
92963338
84503789
81724585
79406212
113629190
91825727
85283526
84259131
113346483
94729666
83667002
114506104
82907366
87547151
90586998
85518536
114596929
93777060
91580045
86842481
83410186
106464793
90761423
84844275
114593346
80690228
87620697
101578494
100353010
91243574
96016726
90907322
109435814
98369225
107442923
91255000
91579784
91985048
82916521
82619470
97770804
114487212
86284955
95228633
79580582
92947611
112110172
68449211
112131229
84320007
89799974
100811256
68275822
113344304
106969593
111278951
78817711
109510042
107027094
111695989
76788408
108875625
100476526
112579675
101250309
91530670
113354107
109931451
113631774
82618871
91815118
87803550
109129547
114487058
112139514
108190841
101247667
85519331
84848290
113817689
112102432
87731518
96817636
69127558
90327493
98151609
94729115
68128718
112618552
102529850
112089538
112357651
92941207
79406129
73215882
91777379
79582078
110068681
68479665
80745859
108998862
109931310
106800818
81330454
112369612
82910237
112349653
88552460
73585557
78266354
83667630
83260442
83409417
102847149
84609240
106787319
112615361
76061139
83406079
91039104
81269056
108378559
71595605
111634488
90637830
113801531
75419108
67307821
80690233
101591302
112096700
85518507
112684714
96777160
93031614
89603960
114505866
76754674
84258641
83261921
79582062
109857096
113342197
85243254
91300931
114491726
112349892
101462399
106663860
85444140
96777178
113659142
102406432
94427142
101255607
92925993
80771552
83405316
84937396
79581754
110202249
91790659
112612555
96016727
107093845
90230989
103382298
71445496
84470370
107117406
90213871
96816845
91388387
94222823
100352986
76764135
91347185
109178704
109548952
112675090
68344273
97769735
94039905
100477203
92901224
100350501
68299299
90022331
91256571
106939725
112634483
103249809
78727892
100347949
104223200
90022333
96816656
84866296
82625815
95976002
91347659
102687456
73214914
112622282
81330902
91275440
90287586
77827815
68143971
79406348
91019405
89405639
86986066
112615139
80771421
102100605
96012742
111224014
110202972
78728815
109877259
79582117
68336843
90842326
96817328
109188111
74143306
114600949
113629354
82618183
89799971
91347184
92935422
109177296
68479663
74533847
87547149
108549506
112668454
114593312
112578054
85606730
113628487
73442620
109146289
97772286
82488616
108588848
107224634
90115085
89797684
68128717
79039980
109304834
79580591
68483224
84635769
91291096
97913669
81650893
68149055
109811078
82488611
111260160
82915235
102348217
68464070
112106065
104607384
84854768
98030266
112603603
81330444
105009546
82917884
78728874
106069385
94039873
90691635
105893868
85243257
85284710
82035083
86284867
112089557
112359284
82907361
86284608
78728301
84878696
100808990
91239095
107871805
84236415
86285106
82915230
90213716
113465706
100869101
110785226
98070533
113633329
102675485
112349461
105026774
90637753
84865052
93766938
113345030
112596501
94729121
98369541
67308224
114593628
81330044
86986067
112674715
80199511
83668035
78587853
114599744
91243575
91291098
92901227
82063061
95643652
82488078
90240356
76543135
91002765
74184098
106189919
83073644
92883242
113628044
112107895
86649812
112368599
96777162
111235605
107097318
95651328
86284428
84503960
113683859
97575038
108798803
90287587
82915529
106785447
76544231
68483219
113345810
90214303
72216290
97769719
78616162
80619191
103930028
112596557
86655643
87541840
109429863
90542195
100522566
112681824
111677648
107447521
80977901
94731791
78051508
112092012
110179967
83492508
84635850
101650470
90842324
83492438
78266311
114595404
82035085
113762560
109931371
112360996
110794643
77870366
81329609
72435940
78051470
76489954
112359878
84862943
78616711
90242829
76061143
113631385
83668227
80599026
73443875
91985052
93865169
80199794
84609314
91807064
94224561
78748323
108778588
73379511
91239081
101748736
68449213
76544251
91815119
86657762
85428954
85283898
81330461
96816639
113338422
84844695
112730777
85873824
73443153
82033317
108911636
78266758
93865172
112364888
94222822
112618109
113439277
78768224
98070523
112610373
86466050
90842318
112604562
113641975
92968934
112352309
80366530
68133515
85283650
84844274
86655625
109569794
91275438
68325290
81330037
90022338
110199039
96777681
79408331
83261325
113353650
112349904
101247543
67306629
90294532
114530840
91024710
80199998
90751111
109575299
90751158
91806896
114485128
102015710
108318609
90907332
102160493
110076032
109052032
109434846
81657898
84665006
83259930
83409031
71642619
82488076
94222491
90045014
99802055
88970831
112717393
72683431
67337306
90542210
90587003
112683059
68344275
83260646
112615101
74218872
96816405
100868715
85243253
112674962
107286215
100806129
90691634
114495241
89797857
91820230
91834411
112747279
85284446
84937395
75681422
81330036
100815467
83885535
83665724
87424907
100878295
109692720
104860058
97770198
88357692
74480406
112617293
112593431
101436348
74143322
74480403
73443959
112729757
113468350
100531048
105106207
79407375
74455768
100523394
114505753
72364583
91347725
85469170
112728864
80978629
114505654
93865171
91566806
74535769
107479668
114481236
67337312
84846600
111905052
86986068
87422981
78266163
67309345
114596461
78616075
83667684
82917883
90214345
81329605
82625612
100808396
106549206
74480405
113754339
94729318
91253264
113468394
101798984
103536705
90287589
100090039
87810379
111037344
91757653
111287471
72236489
92952378
82910235
94728829
110785338
93353714
96130717
86650071
108904680
106798665
96817174
112745379
113339347
74365850
89798150
111223997
68332709
83260505
100865044
111274141
81358358
91264325
83072874
108875488
80904758
91795805
83665626
112722060
91250829
109186596
100807091
80598992
76648204
81330900
84858222
86648234
74183998
79197237
113338615
111990676
79407214
82488074
94729667
78615647
93783036
82915526
101996306
105642421
80200665
89798136
113342629
96817160
91301000
78728138
86211851
112593561
90214611
114484872
107172837
93506156
100444170
84851629
89603926
76543982
79197300
95974263
113633600
112126147
83072798
71799953
111875489
113664087
112362122
106977306
78051087
111422397
111753220
112681891
112634104
67309333
108354691
84844273
96645447
112125730
85444229
82023911
78728178
68479664
82917881
84858147
111420695
100814718
85874249
91030456
97574552
84844482
86284908
100090148
84854761
112366561
90213763
106598192
113633401
91022156
111254924
89518408
67308229
102953828
104584949
80200454
100089837
86650121
84470883
99801704
83405135
73916613
90214634
81358610
71539092
112132177
99801695
100522745
95410177
86284552
114503780
105233914
91300930
104617961
112610225
107100314
104569415
67337311
85241006
112593591
112593184
68342234
90115081
110799243
97951849
112141445
89405637
101247562
91580049
82910247
111036717
106419130
112724631
82915233
107424103
91267531
112749959
114491247
73442665
73443195
91566803
80200957
107389262
113338567
113631109
112141739
90327499
76544662
105637609
81724417
103393708
90294534
84971480
74365324
113697038
91750920
83408703
106464083
95228632
90294537
113341836
112349704
81330041
68148062
74700991
100523254
71643539
84866299
90214622
92892163
103648121
100860234
113659230
96817902
83667668
108381335
84608939
96818148
107090813
94728832
73443115
83409940
82907357
114594840
106663287
92963334
84635823
107813957
112723390
94729320
113341993
109512688
101999593
108979774
112682118
93350523
85283550
92981868
90287584
95228636
89405635
76490090
111630336
78728115
68293072
105477928
89974793
92941208
91530717
76647888
94730043
84236541
76648223
109548876
92893679
100713772
71445594
88552463
81650937
111086017
100806135
67337307
91316146
68479661
82488086
112593293
90715871
90294533
91834413
68281599
101801940
80201307
73444069
68292017
109305052
97813902
113356197
91011081
80742732
80414002
78266912
73443558
112731755
112603640
90214628
75754794
83410264
105285095
109651496
85684394
72435938
100713410
92910301
81330457
78616171
71445491
91275464
113754200
72683432
103660079
88552354
91261556
110805763
91246892
91388417
112742560
109553440
96777349
84471556
71761155
93507205
79408175
90045020
110784286
74533849
101255617
85241015
114531159
112106128
102534557
84665014
86642555
112102439
94370386
91305957
92673929
101579008
97588634
108876210
91019403
76544694
67337314
84853128
87422977
85243256
82915536
83668200
114593470
112119697
107815230
87422979
109819567
106418621
89539968
81269094
80742731
100477031
68479666
105893717
67306635
85469169
73667068
87612174
72683433
107355369
114481317
91795046
114503322
106597087
82488615
114482015
112593577
84609161
96818183
81658193
96208737
99801734
91834408
72589829
68144471
96777492
112577860
78051833
101448691
108590311
106544760
113630863
72236493
110185781
112740376
73444107
97812800
81657970
76668853
97770096
101815093
112593600
90751117
82063064
87435995
73443540
101623074
91530718
104825187
98740654
95980520
94224559
68143961
84868544
90002184
94728833
79609402
83259781
108396460
67304332
89797746
84846588
82910236
112144730
108904618
103249954
90755956
96777261
91305958
68464065
68148061
89797659
112349506
111891356
91801878
91030388
102450478
112745952
91243578
78728225
81650526
111723924
106955625
91388375
68144485
91772912
83072801
87273698
81330895
81650582
110195705
102462546
77596236
84014527
107181461
109188022
83667603
91806952
102183780
114593942
91316148
94427125
71761159
85243255
83260669
91267530
111996971
100089871
82023915
87629401
73215362
89983919
91795807
83409145
71761157
83260454
82916523
112363786
93783011
78051875
73214747
102456071
77776137
92674397
111678272
107354258
83666898
114506574
85241017
111036588
85518625
90108462
114500746
83262032
114495192
94501286
82487995
72610141
68144479
104374397
83492372
80416043
83492625
100713581
113338269
71642617
91347758
72683428
113648746
90587006
79581422
68091582
90002230
68479670
111225853
90115086
112615190
104425903
114483519
112722052
97582416
102737626
109439812
110784151
107652085
105894234
113454635
101811142
96777355
97812801
109145793
82063060
84469803
72216294
112361692
113659839
112114970
68144469
91807068
74701407
100476803
112092451
73193013
107125666
77776121
107645161
85685341
85228580
72589825
85684678
91300998
106662714
71445591
111101258
112098616
82063065
112751701
94729321
112681087
91806941
86153986
85606632
96816422
79582147
71643542
78266727
96816346
91395803
75681209
68912023
74218800
74700977
114594149
81724420
91239084
87822577
100092270
104284899
78615570
113338597
84319847
111044214
73443177
109557075
110801087
114483779
113816807
91300999
83261365
107271780
67309346
114482817
90715874
93328140
105478742
91790738
91020977
78266501
82023909
71445588
112742723
90657233
91777384
85283564
82915236
91287855
111233657
112681770
113345123
94729119
84470368
93353716
100519795
68275818
114492486
86211876
68295682
110202210
114489520
113761449
87731582
109776488
84319917
90755957
90230993
82915527
81280260
111973664
72610091
96645453
106627239
113338197
102183815
96192456
97769744
87803518
67309338
91316144
113632184
85469326
85241011
114531097
102020426
83406056
91254989
109569859
74366715
80617005
114504057
86005499
92981834
91530720
104418725
83492911
109774239
109701402
87434717
106820008
92674398
80616841
78747980
79581669
95235902
99801607
68091578
81724432
112577989
71747776
113345083
90108461
112712949
112609175
89800081
109188476
114594232
102675610
68347838
113659298
90542199
106598094
105616434
107100975
95635580
112133053
84862942
111902193
74218740
109808108
81658235
92952381
100477223
109769187
112747793
92877705
91971628
84844272
81658060
85873823
91254991
89539965
96777206
107103877
91347684
113761310
84866297
112672028
100860528
112593225
91267534
83259973
69127556
84270461
84866301
111975426
90761429
89798165
89967656
113629421
103249489
96817186
106983254
90230995
96817070
94729322
106512891
83409409
114477540
80978199
112093284
90240366
74535767
75629876
102165802
68275010
96817141
97770898
91773010
81658214
74700673
68332707
84853131
113630401
100713508
84658738
91971825
102015063
112598283
110787150
75419114
82618229
91040363
68483217
105479146
84609251
91388456
113350263
91011078
68299302
90108457
80199383
91275465
107961356
86806425
90287588
68344281
81269035
75681486
112365134
102671425
101051591
96777298
112668389
108308892
109533793
112114920
83885525
91275437
75681217
107437436
88970806
102666108
112729408
113817239
81650878
107815509
109143062
112608963
91795043
93766936
90327496
91248963
89967654
78747511
112577919
110819089
102411777
83666979
114610748
87894066
69191193
114615404
102167785
85283974
104618333
93562818
72683429
113439392
91261562
100092269
99801927
107816905
86153923
112593532
108498697
81330040
68332706
68144467
75682184
113631916
106417709
80199743
113631185
91580047
97582412
97579673
80200274
90242805
82625614
106450978
114481279
100352760
72589827
96645452
79039867
89967658
79581853
107233963
111218319
107186527
112741245
114601442
78727949
90108458
112131277
68156496
107433590
80685923
109433886
101051676
80200494
85684745
74184185
101795558
82910248
68347836
104319903
82033312
68464068
109692622
90691641
85284192
83666855
82488617
112668730
68464062
113373762
104060464
101050991
82033318
68464061
111214844
91301002
80596807
82917882
86657797
114531700
80904830
83072793
80416217
112366801
103929875
87612367
90240362
84635765
92910296
100350504
85228579
68295684
111878217
87419654
112722124
114481482
113511278
89603943
76490239
92670275
84971478
112127268
81724582
111036635
82619761
102569975
81650891
81330887
100878299
90214017
79406288
76668729
112729702
107875710
107178018
109191946
67308228
74700916
73215843
84658802
108746367
92674401
82916526
113633183
105558421
85684728
68464063
112618443
68298224
81330039
92883245
113655012
96777667
114594406
96777463
82488083
68133514
83260041
91790684
112594354
74455773
84635856
112359092
108399907
103673790
98030267
90691640
82023910
96817620
112636697
90002191
91291095
102157101
91039106
81650896
79582069
113338243
91039107
91985049
93359759
71761156
91004302
73214871
84862940
91287856
113633302
114486584
87424900
90230987
112746712
82488614
91750829
111404194
82619746
87547150
103248396
85429110
104338637
82488077
100869087
68912022
86153929
83260470
97575042
79408226
109306125
67337309
74713300
110003904
92893684
87629892
84608864
69125407
113638858
105296429
106413316
102687565
73656966
109307285
91239086
85283641
112603546
81650519
95410179
91287951
96645449
81658037
109526040
91019404
91256570
92993695
108910825
101804298
72216370
87419671
90657216
103723555
81330442
79581320
90907323
84677125
101579086
103088168
81330042
102138323
85284563
102410410
87273697
84609170
103725439
80978819
81329608
106078168
112672737
111122539
110790591
80414000
90691636
86139128
112135768
114597177
100448876
87800397
74700818
112711900
84846589
114505615
80201261
73667060
100860385
97582415
80598804
96816894
84608863
82625608
80685937
102730031
91243572
100712643
114500985
84856382
82063063
68275820
90715883
102004030
91264323
94729663
76648192
101051449
91820228
114531436
77776246
85284047
101051365
87422978
87800376
96777364
85874016
112607588
90751161
68145308
96035379
106544735
111044275
109899154
86139122
91261560
87435976
112634048
90751101
88970862
80366532
90230994
91771369
89797687
90240360
106664363
89967661
112352936
108325434
94427496
91825709
111232965
111217961
84014528
67306630
104282948
82488619
82619790
79407170
111679762
101587244
82618367
81650620
79600590
100477378
110786450
83259591
97574613
113630939
83666948
84608887
80200964
81724423
113696210
114481366
107019542
89983916
113756028
67337321
92926085
81358389
79040135
81724584
103384695
77860992
102017378
82907360
74701269
83408638
109305082
68464055
91388357
71778358
67337315
72683430
68912021
114488654
108574307
105560355
80616939
78727856
95635578
90220546
68145313
111898650
100090411
113358620
86005524
102949501
95974200
85228585
101607205
107016537
91834409
68332713
90587004
103730879
84263898
112618655
67337310
113455026
112593094
91801873
84608788
84846590
68280313
84319875
87620677
110780872
113631668
112349924
106464015
68166220
90751128
109774635
114593743
78728796
113351108
78747509
100878291
100336810
109186746
91250828
106597591
114477770
107282638
103460977
91248967
102729957
77870536
101433482
71643538
68292021
112681856
109649214
81724421
82619272
91388398
107835996
89967836
73442709
68091572
109877347
84868543
106957191
91020978
113359583
112722130
91971827
113650305
107660892
107791568
74480400
108325389
112674665
108985085
85469165
114500883
101430444
96778217
83885552
99801912
94729664
75627741
108505272
82619025
100865087
104691785
91795044
104638957
79407320
80201313
79600726
105007311
109407673
89967800
90542198
91971828
112120573
90230992
86139126
91256573
87424918
112593128
111039081
112363070
112597279
112682978
98070532
86284434
102544544
103837463
82910234
83259580
73379550
87419686
80199576
97772282
81650556
102531271
84609195
90842320
113631599
102153664
114594012
112634036
101247827
75754789
79583599
110202331
102100672
101050879
100713944
109663546
110182602
112686616
112713131
84259121
81650888
91777381
83261604
80742734
112722201
81658024
105105779
83260122
113694052
111411280
85685072
114594139
83409944
71539218
91795804
101248018
107822196
114501428
68118872
68344278
84846541
97813901
82915231
91040360
111098860
108517262
91771363
83260573
68275009
109810444
71778359
85241005
79408624
93328138
106432495
92673928
102063056
90327500
100860343
82619752
74455769
111678917
84236606
84848283
79600914
112104236
80199597
110977245
108509959
86983459
90240367
109823221
80201320
77873628
80200064
80415015
108907297
78266227
103654981
104069321
80616501
81330060
112600049
74533846
111414416
100476782
101650216
108298095
90213728
110180116
87792015
85241007
