115332900
115328390
115309132
115304919
115332213
115312557
115331799
115303710
115332982
115309493
115312731
115311648
115314289
115311484
115305928
115339397
115306291
115334379
115334405
115337691
115308769
115306587
115333418
115332837
115307248
115309340
115337094
115308017
115305584
115310652
115312007
115285686
115284051
115308119
115313148
115305876
115337480
115308218
115306522
115311053
115319428
115333898
115338205
115336428
115304943
115313712
115306993
115313943
115312135
115306823
115318199
115307915
115334745
115305546
115333136
115299763
